$ 1 0.000005 10.20027730826997 50 5 43 5e-11
v 80 272 80 144 0 0 40 9 0 0 0.5
s 80 144 144 144 0 1 false
r 176 144 176 208 0 470
162 176 208 176 272 2 default-led 1 0 0 0.01
g 80 272 80 304 0 0
w 80 272 144 272 0
r 176 144 256 144 0 300
c 256 144 256 272 4 0.00007999999999999999 1.1564247624935269 0.001 0
w 176 272 256 272 0
r 336 144 336 208 0 470
162 336 208 336 272 2 default-led 1 0 0 0.01
w 256 144 336 144 0
w 256 272 336 272 0
r 336 144 416 144 0 300
r 512 144 512 208 0 470
162 512 208 512 272 2 default-led 1 0 0 0.01
c 416 144 416 272 4 0.000029999999999999997 1.1544082052159836 0.001 0
w 416 144 512 144 0
w 336 272 416 272 0
w 416 272 512 272 0
c 144 144 144 272 4 0.00006599999999999999 1.1569367963823016 0.001 0.1
w 144 272 176 272 0
w 144 144 176 144 0
o 3 64 0 4099 2.5 0.00009765625 0 2 3 3
o 10 64 0 4099 2.5 0.00009765625 1 2 10 3
o 15 64 0 4099 2.5 0.00009765625 2 2 15 3
